{
  "sksl": "// This SkSL shader is autogenerated by spirv-cross.\n\nfloat4 flutter_FragCoord;\n\nuniform vec2 u_resolution;\nuniform float temperature;\nuniform float tint;\nuniform shader u_tex0;\nuniform half2 u_tex0_size;\n\nvec4 fragColor;\n\nvec2 FLT_flutter_local_FlutterFragCoord()\n{\n    return flutter_FragCoord.xy;\n}\n\nvoid FLT_main()\n{\n    vec2 fragCoord = FLT_flutter_local_FlutterFragCoord();\n    vec2 st = FLT_flutter_local_FlutterFragCoord() / u_resolution;\n    vec4 source = u_tex0.eval(u_tex0_size *  st);\n    vec3 yiq = mat3(vec3(0.2989999949932098388671875, 0.58700001239776611328125, 0.114000000059604644775390625), vec3(0.596000015735626220703125, -0.273999989032745361328125, -0.3219999969005584716796875), vec3(0.21199999749660491943359375, -0.5230000019073486328125, 0.31099998950958251953125)) * source.xyz;\n    yiq.z = clamp(yiq.z + ((tint * 0.522599995136260986328125) * 0.100000001490116119384765625), -0.522599995136260986328125, 0.522599995136260986328125);\n    vec3 rgb = mat3(vec3(1.0, 0.95599997043609619140625, 0.620999991893768310546875), vec3(1.0, -0.272000014781951904296875, -0.647000014781951904296875), vec3(1.0, -1.105000019073486328125, 1.70200002193450927734375)) * yiq;\n    float _95;\n    if (rgb.x < 0.5)\n    {\n        _95 = (2.0 * rgb.x) * 0.930000007152557373046875;\n    }\n    else\n    {\n        _95 = 1.0 - ((2.0 * (1.0 - rgb.x)) * 0.070000000298023223876953125);\n    }\n    float _117;\n    if (rgb.y < 0.5)\n    {\n        _117 = (2.0 * rgb.y) * 0.540000021457672119140625;\n    }\n    else\n    {\n        _117 = 1.0 - ((2.0 * (1.0 - rgb.y)) * 0.4600000083446502685546875);\n    }\n    float _137;\n    if (rgb.z < 0.5)\n    {\n        _137 = (2.0 * rgb.z) * 0.0;\n    }\n    else\n    {\n        _137 = 1.0 - ((2.0 * (1.0 - rgb.z)) * 1.0);\n    }\n    vec3 processed = vec3(_95, _117, _137);\n    fragColor = vec4(mix(rgb, processed, vec3(temperature)), source.w);\n}\n\nhalf4 main(float2 iFragCoord)\n{\n      flutter_FragCoord = float4(iFragCoord, 0, 0);\n      FLT_main();\n      return fragColor;\n}\n",
  "stage": 1,
  "target_platform": 2,
  "uniforms": [
    {
      "array_elements": 0,
      "bit_width": 32,
      "columns": 1,
      "location": 0,
      "name": "u_resolution",
      "rows": 2,
      "type": 10
    },
    {
      "array_elements": 0,
      "bit_width": 0,
      "columns": 1,
      "location": 1,
      "name": "u_tex0",
      "rows": 1,
      "type": 12
    },
    {
      "array_elements": 0,
      "bit_width": 32,
      "columns": 1,
      "location": 2,
      "name": "temperature",
      "rows": 1,
      "type": 10
    },
    {
      "array_elements": 0,
      "bit_width": 32,
      "columns": 1,
      "location": 3,
      "name": "tint",
      "rows": 1,
      "type": 10
    }
  ]
}